[array([[0.01],
       [0.  ],
       [0.  ]]), array([[0.03],
       [0.01],
       [0.34]]), array([[ 0.02],
       [ 0.01],
       [-0.4 ]]), array([[-0.2 ],
       [ 0.01],
       [-0.23]]), array([[ 0.36],
       [-0.02],
       [-0.22]]), array([[ 0.41],
       [ 0.19],
       [-0.18]]), array([[-0.11],
       [ 0.23],
       [-0.12]]), array([[-0.18],
       [-0.31],
       [-0.09]]), array([[ 0.01],
       [-0.29],
       [-0.09]]), array([[ 0.03],
       [-0.29],
       [-0.23]]), array([[-0.05],
       [-0.28],
       [ 0.48]]), array([[ 0.4 ],
       [-0.16],
       [ 0.53]]), array([[0.15],
       [0.49],
       [0.51]]), array([[ 0.08],
       [ 0.55],
       [-0.11]]), array([[ 0.21],
       [ 0.39],
       [-0.38]])]
----------------
[array([[-62.01],
       [-48.29],
       [449.27]]), array([[-38.63],
       [-78.86],
       [446.86]]), array([[-97.43],
       [-21.68],
       [448.32]]), array([[-74.  ],
       [-37.68],
       [481.55]]), array([[-71.25],
       [-26.84],
       [436.38]]), array([[-90.48],
       [-30.42],
       [433.24]]), array([[-75.4 ],
       [-30.98],
       [467.61]]), array([[-79.04],
       [-54.24],
       [440.48]]), array([[-65.36],
       [-46.39],
       [414.7 ]]), array([[-82.88],
       [-51.76],
       [409.35]]), array([[-27.09],
       [-71.82],
       [422.08]]), array([[-17.  ],
       [-67.58],
       [385.72]]), array([[-61.8 ],
       [-89.83],
       [454.51]]), array([[-86.36],
       [-22.48],
       [470.52]]), array([[-121.84],
       [  -5.76],
       [ 427.25]])]