[array([[ 0.04],
       [-0.01],
       [-0.03]]), array([[0.07],
       [0.04],
       [0.11]]), array([[ 0.06],
       [-0.01],
       [-0.47]]), array([[ 0.04],
       [-0.01],
       [ 0.19]]), array([[ 0.04],
       [-0.  ],
       [-0.41]]), array([[-0.23],
       [-0.03],
       [-0.04]]), array([[ 0.03],
       [ 0.35],
       [-0.05]]), array([[ 0.01],
       [-0.25],
       [-0.04]]), array([[-0.12],
       [-0.27],
       [-0.4 ]]), array([[ 0.2 ],
       [-0.08],
       [ 0.4 ]]), array([[ 0.06],
       [-0.03],
       [-0.04]]), array([[ 0.08],
       [-0.17],
       [ 0.38]]), array([[ 0.18],
       [ 0.05],
       [-0.43]]), array([[ 0.28],
       [ 0.22],
       [-0.07]]), array([[-0.08],
       [-0.14],
       [ 0.33]])]
----------------
[array([[-108.91],
       [ -63.96],
       [ 488.98]]), array([[ -55.98],
       [-105.72],
       [ 440.66]]), array([[-116.9 ],
       [ -27.09],
       [ 411.33]]), array([[-62.68],
       [-82.87],
       [355.9 ]]), array([[-122.19],
       [ -21.5 ],
       [ 358.63]]), array([[-80.88],
       [-32.42],
       [396.7 ]]), array([[-104.86],
       [ -71.96],
       [ 363.54]]), array([[-82.66],
       [-52.33],
       [303.4 ]]), array([[-102.51],
       [ -37.69],
       [ 340.04]]), array([[-53.68],
       [-87.38],
       [356.77]]), array([[-91.79],
       [-50.53],
       [286.67]]), array([[-66.11],
       [-84.57],
       [363.84]]), array([[-94.94],
       [-19.72],
       [373.48]]), array([[-91.7 ],
       [-47.29],
       [353.9 ]]), array([[-49.83],
       [-90.7 ],
       [360.18]])]